(1, 1) [(1, 2), (2, 1)]
(1, 2) [(1, 3)]
(2, 1) [(3, 1)]
(1, 3) [(1, 4)]
(3, 1) [(4, 1)]
(1, 4) [(1, 5)]
(4, 1) [(5, 1)]
(1, 5) [(1, 6)]
(5, 1) [(6, 1)]
(1, 6) [(1, 7)]
(6, 1) [(6, 2), (7, 1)]
(1, 7) [(1, 8)]
(6, 2) [(6, 3)]
(7, 1) [(8, 1)]
(1, 8) [(1, 9), (2, 8)]
(6, 3) [(7, 3), (5, 3)]
(8, 1) [(9, 1)]
(1, 9) [(1, 10)]
(2, 8) [(3, 8)]
(7, 3) [(7, 4)]
(5, 3) [(4, 3)]
(9, 1) [(10, 1)]
(1, 10) []
(3, 8) [(3, 9), (3, 7)]
(7, 4) [(7, 5), (8, 4)]
(4, 3) [(3, 3)]
(10, 1) [(10, 2)]
(3, 9) [(3, 10)]
(3, 7) [(3, 6)]
(7, 5) [(7, 6)]
(8, 4) [(9, 4)]
(3, 3) [(3, 4)]
(10, 2) [(10, 3)]
(3, 10) [(4, 10)]
(3, 6) [(3, 5)]
(7, 6) [(8, 6), (6, 6)]
(9, 4) [(9, 3)]
(3, 4) [(3, 5)]
(10, 3) [(9, 3)]
(4, 10) [(5, 10)]
(3, 5) []
(8, 6) [(8, 7)]
(6, 6) [(5, 6)]
(9, 3) []
(3, 5) []
(9, 3) []
(5, 10) [(6, 10), (5, 9)]
(8, 7) [(8, 8)]
(5, 6) [(5, 7), (5, 5)]
(6, 10) []
(5, 9) [(5, 8)]
(8, 8) [(8, 9), (7, 8)]
(5, 7) [(5, 8)]
(5, 5) []
(5, 8) []
(8, 9) [(8, 10)]
(7, 8) []
(5, 8) []
(8, 10) [(9, 10)]
(9, 10) [(10, 10)]
(10, 10) [(10, 9)]
(10, 9) [(10, 8)]
(10, 8) [(10, 7)]
(10, 7) [(10, 6)]
(10, 6) []
111111111111
100000000001
101111110111
101000000001
101011111101
101010000001
100011011101
101000010111
101101000001
101001111101
100011000001
111111111111

111111111111
100000000001
101111110111
101000000001
101011111101
101010000001
100011011101
101000010111
101101000001
101001111101
100011000001
111111111111

111111111111 100000000001 101111110111 101000000001 101011111101 101010000001 100011011101 101000010111 101101000001 101001111101 100011000001 111111111111
111111111111 100000000001 101111110111 101000000001 101011111101 101010000001 100011011101 101000010111 101101000001 101001111101 100011000001 111111111111
                                                                                                                                                           
[[1, 1, 1, 1, 1, 1, 1, 1, 1, 1, 1, 1],
 [1, 0, 0, 0, 0, 0, 0, 0, 0, 0, 0, 1],
 [1, 0, 1, 1, 1, 1, 1, 1, 0, 1, 1, 1],
 [1, 0, 1, 0, 0, 0, 0, 0, 0, 0, 0, 1],
 [1, 0, 1, 0, 1, 1, 1, 1, 1, 1, 0, 1],
 [1, 0, 1, 0, 1, 0, 0, 0, 0, 0, 0, 1],
 [1, 0, 0, 0, 1, 1, 0, 1, 1, 1, 0, 1],
 [1, 0, 1, 0, 0, 0, 0, 1, 0, 1, 1, 1],
 [1, 0, 1, 1, 0, 1, 0, 0, 0, 0, 0, 1],
 [1, 0, 1, 0, 0, 1, 1, 1, 1, 1, 0, 1],
 [1, 0, 0, 0, 1, 1, 0, 0, 0, 0, 0, 1],
 [1, 1, 1, 1, 1, 1, 1, 1, 1, 1, 1, 1]]
