checkio [[3, 3], [5, 5], [8, 8], [2, 8], [8, 2]]
line [3, 3] [5, 5] 1.0 1.0
line [3, 3] [8, 8] 1.0 1.0
line [3, 3] [8, 2] -0.2 -5.0
line [5, 5] [8, 8] 1.0 1.0
line [5, 5] [8, 2] -1.0 -1.0
line [8, 8] [8, 2] 100.0 8.0
line [2, 8] [3, 3] -5.0 -0.8
line [2, 8] [5, 5] -1.0 -4.0
line [2, 8] [8, 8] 0.0 8.0
line [2, 8] [8, 2] -1.0 -4.0
line [8, 2] [8, 8] 100.0 8.0
----
1 (-5.0, -0.8) [([2, 8], [3, 3])]
2 (-1.0, -4.0) [([2, 8], [5, 5]), ([2, 8], [8, 2])]
1 (-1.0, -1.0) [([5, 5], [8, 2])]
1 (-0.2, -5.0) [([3, 3], [8, 2])]
1 (0.0, 8.0) [([2, 8], [8, 8])]
3 (1.0, 1.0) [([3, 3], [5, 5]), ([3, 3], [8, 8]), ([5, 5], [8, 8])]
2 (100.0, 8.0) [([8, 8], [8, 2]), ([8, 2], [8, 8])]
=====
groups
3 (1.0, 1.0) [([3, 3], [5, 5]), ([3, 3], [8, 8]), ([5, 5], [8, 8])]
2 (-1.0, -4.0) [([2, 8], [5, 5]), ([2, 8], [8, 2])]
2 (100.0, 8.0) [([8, 8], [8, 2]), ([8, 2], [8, 8])]
1 (-5.0, -0.8) [([2, 8], [3, 3])]
1 (-1.0, -1.0) [([5, 5], [8, 2])]
1 (-0.2, -5.0) [([3, 3], [8, 2])]
1 (0.0, 8.0) [([2, 8], [8, 8])]
uniquekeys [3, 2, 1]
