
################################################################
points
set([(1, 2), (1, 5), (4, 7), (7, 2), (7, 5)])

***
nodelist ((1, 2), (1, 5), (4, 7), (7, 2), (7, 5))
point_to_points defaultdict(<type 'list'>, {0: [1, 3, 4], 1: [0, 2, 4, 3], 2: [4, 1], 3: [0, 4, 1], 4: [0, 2, 3, 1]})

l set([(1, 2, 1, 5),
     (1, 2, 7, 2),
     (1, 5, 4, 7),
     (1, 5, 7, 2),
     (1, 5, 7, 5),
     (4, 7, 7, 5),
     (7, 5, 1, 2),
     (7, 5, 7, 2)]) 
points set([(1, 2), (1, 5), (4, 7), (7, 5), (7, 2)]) 
graph defaultdict(<type 'set'>, {(1, 2): set([(1, 5), (7, 5), (7, 2)]), (1, 5): set([(1, 2), (4, 7), (7, 5), (7, 2)]), (4, 7): set([(1, 5), (7, 5)]), (7, 5): set([(1, 2), (1, 5), (4, 7), (7, 2)]), (7, 2): set([(1, 2), (1, 5), (7, 5)])})
None
check_eulerian defaultdict(<type 'set'>, {(1, 2): set([(1, 5), (7, 5), (7, 2)]), (1, 5): set([(1, 2), (4, 7), (7, 5), (7, 2)]), (4, 7): set([(1, 5), (7, 5)]), (7, 5): set([(1, 2), (1, 5), (4, 7), (7, 2)]), (7, 2): set([(1, 2), (1, 5), (7, 5)])}) True

start (1, 2) 
came_from {(1, 2): None, (1, 5): (1, 2), (4, 7): (7, 5), (7, 2): (1, 5), (7, 5): (7, 2)} 
cost_so_far {(1, 2): 0, (1, 5): 1, (4, 7): 4, (7, 2): 2, (7, 5): 3} 
edges_so_far {(1, 2): [((1, 2), (1, 5)), ((1, 2), (7, 5)), ((1, 2), (7, 2))],
 (1, 5): [((1, 2), (1, 5)),
          ((1, 5), (4, 7)),
          ((1, 5), (7, 5)),
          ((1, 5), (7, 2))],
 (4, 7): [((1, 5), (4, 7)), ((4, 7), (7, 5))],
 (7, 2): [((1, 2), (7, 2)), ((1, 5), (7, 2)), ((7, 2), (7, 5))],
 (7, 5): [((1, 2), (7, 5)),
          ((1, 5), (7, 5)),
          ((7, 2), (7, 5)),
          ((4, 7), (7, 5))]}
index 2 #points 5
path [(1, 2), (1, 5), (7, 2), (7, 5), (4, 7)]

start (1, 5) 
came_from {(1, 2): (1, 5), (1, 5): None, (4, 7): (1, 5), (7, 2): (1, 2), (7, 5): (7, 2)} 
cost_so_far {(1, 2): 1, (1, 5): 0, (4, 7): 1, (7, 2): 2, (7, 5): 3} 
edges_so_far {(1, 2): [((1, 2), (1, 5)), ((1, 2), (7, 5)), ((1, 2), (7, 2))],
 (1, 5): [((1, 2), (1, 5)),
          ((1, 5), (4, 7)),
          ((1, 5), (7, 5)),
          ((1, 5), (7, 2))],
 (4, 7): [((1, 5), (4, 7)), ((4, 7), (7, 5))],
 (7, 2): [((1, 5), (7, 2)), ((1, 2), (7, 2)), ((7, 2), (7, 5))],
 (7, 5): [((1, 5), (7, 5)),
          ((1, 2), (7, 5)),
          ((4, 7), (7, 5)),
          ((7, 2), (7, 5))]}

start (4, 7) 
came_from {(1, 2): (7, 5), (1, 5): (4, 7), (4, 7): None, (7, 2): (7, 5), (7, 5): (1, 5)} 
cost_so_far {(1, 2): 3, (1, 5): 1, (4, 7): 0, (7, 2): 3, (7, 5): 2} 
edges_so_far {(1, 2): [((1, 2), (1, 5)), ((1, 2), (7, 5)), ((1, 2), (7, 2))],
 (1, 5): [((1, 5), (4, 7)),
          ((1, 2), (1, 5)),
          ((1, 5), (7, 5)),
          ((1, 5), (7, 2))],
 (4, 7): [((1, 5), (4, 7)), ((4, 7), (7, 5))],
 (7, 2): [((1, 5), (7, 2)),
          ((7, 2), (7, 5)),
          ((1, 2), (7, 2)),
          ((7, 2), (7, 5))],
 (7, 5): [((4, 7), (7, 5)),
          ((1, 5), (7, 5)),
          ((1, 2), (7, 5)),
          ((7, 2), (7, 5)),
          ((7, 2), (7, 5))]}

start (7, 5) 
came_from {(1, 2): (7, 5), (1, 5): (1, 2), (4, 7): (1, 5), (7, 2): (1, 5), (7, 5): None} 
cost_so_far {(1, 2): 1, (1, 5): 2, (4, 7): 3, (7, 2): 3, (7, 5): 0} 
edges_so_far {(1, 2): [((1, 2), (7, 5)), ((1, 2), (1, 5)), ((1, 2), (7, 2))],
 (1, 5): [((1, 5), (7, 5)),
          ((1, 2), (1, 5)),
          ((1, 5), (4, 7)),
          ((1, 5), (7, 2))],
 (4, 7): [((4, 7), (7, 5)), ((1, 5), (4, 7))],
 (7, 2): [((7, 2), (7, 5)), ((1, 2), (7, 2)), ((1, 5), (7, 2))],
 (7, 5): [((1, 2), (7, 5)),
          ((1, 5), (7, 5)),
          ((4, 7), (7, 5)),
          ((7, 2), (7, 5))]}

start (7, 2) 
came_from {(1, 2): (7, 2), (1, 5): (1, 2), (4, 7): (1, 5), (7, 2): None, (7, 5): (1, 5)} 
cost_so_far {(1, 2): 1, (1, 5): 2, (4, 7): 3, (7, 2): 0, (7, 5): 3} 
edges_so_far {(1, 2): [((1, 2), (7, 2)), ((1, 2), (1, 5)), ((1, 2), (7, 5))],
 (1, 5): [((1, 5), (7, 2)),
          ((1, 2), (1, 5)),
          ((1, 5), (4, 7)),
          ((1, 5), (7, 5)),
          ((1, 5), (4, 7))],
 (4, 7): [((1, 5), (4, 7)), ((4, 7), (7, 5)), ((1, 5), (4, 7))],
 (7, 2): [((1, 2), (7, 2)), ((1, 5), (7, 2)), ((7, 2), (7, 5))],
 (7, 5): [((7, 2), (7, 5)),
          ((1, 2), (7, 5)),
          ((1, 5), (7, 5)),
          ((4, 7), (7, 5))]}
