[(123, 323), (123, 121), (123, 125), (991, 921), (991, 999), (323, 123), (323, 321), (323, 329), (321, 323), (321, 329), (321, 121), (321, 921), (329, 323), (329, 321), (121, 123), (121, 321), (121, 921), (121, 125), (921, 991), (921, 321), (921, 121), (125, 123), (125, 121)]
popped 123
   pushed 323
   pushed 121
   pushed 125
popped 125
popped 121
   pushed 321
   pushed 921
popped 323
   pushed 329
popped 329
popped 921
   pushed 991
popped 321
popped 991
   pushed 999
popped 999
revisited [(1, 123), (2, 121), (2, 125), (2, 323), (3, 321), (3, 329), (3, 921), (4, 991), (5, 999)]
======
backtrack 
 {1: [123], 2: [121, 125, 323], 3: [321, 329, 921], 4: [991], 5: [999]} 
 [(123, 323), (123, 121), (123, 125), (991, 921), (991, 999), (323, 123), (323, 321), (323, 329), (321, 323), (321, 329), (321, 121), (321, 921), (329, 323), (329, 321), (121, 123), (121, 321), (121, 921), (121, 125), (921, 991), (921, 321), (921, 121), (125, 123), (125, 121)]
