['S...', '....', 'B.WB', '..WE']

(0, 0) (3, 3) [(2, 0), (2, 3)] {(0, 0): set([(0, 1), (1, 0)]),
 (0, 1): set([(0, 0), (0, 2), (1, 1)]),
 (0, 2): set([(0, 1), (0, 3), (1, 2)]),
 (0, 3): set([(0, 2), (1, 3)]),
 (1, 0): set([(0, 0), (1, 1)]),
 (1, 1): set([(0, 1), (1, 0), (1, 2), (2, 1)]),
 (1, 2): set([(0, 2), (1, 1), (1, 3)]),
 (1, 3): set([(0, 3), (1, 2)]),
 (2, 0): set([]),
 (2, 1): set([(1, 1), (3, 1)]),
 (2, 2): set([]),
 (2, 3): set([]),
 (3, 0): set([(3, 1)]),
 (3, 1): set([(2, 1), (3, 0)]),
 (3, 2): set([]),
 (3, 3): set([])}

