[(10, 13), (10, 12), (9, 12), (8, 12), (8, 11), (8, 10), (8, 9), (8, 8), (8, 7), (8, 6), (8, 5), (8, 4), (8, 3), (8, 2), (8, 1), (7, 1), (6, 1), (6, 2), (6, 3), (6, 4), (6, 5), (6, 6), (6, 7), (6, 8), (6, 9), (6, 10), (6, 11), (6, 12), (5, 12), (4, 12), (4, 11), (4, 10), (4, 9), (4, 8), (4, 7), (4, 6), (4, 5), (4, 4), (4, 3), (4, 2), (4, 1), (3, 1), (2, 1), (2, 2), (2, 3), (2, 4), (2, 5), (2, 6), (2, 7), (2, 8), (2, 9), (2, 10), (2, 11), (2, 12), (1, 12), (0, 12), (0, 11), (0, 10), (0, 9), (0, 8), (0, 7), (0, 6), (0, 5), (0, 4), (0, 3), (0, 2), (0, 1)]
['S...', '....', 'B.WB', '..WE']

(0, 0) (3, 3) [(2, 0), (2, 3)]

array_convert
['S...', '....', 'B.WB', '..WE']
[[0, 0, 0, 0], [0, 0, 0, 0], [0, 0, 1, 0], [0, 0, 1, 0]]

from_start
{((0, 0), (2, 0)): [(2, 0), (1, 0)],
 ((0, 0), (2, 3)): [(2, 3), (1, 3), (0, 3), (0, 2), (0, 1)]}

b_to_b
{((2, 0), (2, 3)): [(2, 3), (1, 3), (1, 2), (1, 1), (2, 1)],
 ((2, 3), (2, 0)): [(2, 0), (1, 0), (1, 1), (1, 2), (1, 3)]}

to_end
{((2, 0), (3, 3)): [(3, 3), (2, 3), (1, 3), (1, 2), (1, 1), (2, 1)],
 ((2, 3), (3, 3)): [(3, 3)]}

fpair (0, 0)
flist (2, 0)
