################################################################################

puzzle88

################################################################################

c0 12 t0 (0, 2, 1, 2, 4, 0, 0, 1, 3, 4, 3, 0)
c1 6 c2 5 c3 5 c4 6 

c0 5 p0 2 t0 [0, 2, 1, 0, 2, 0, 4, 1, 3, 4, 3, 0]
c1 5 c2 7 c3 4 c4 3 

c0 3 p0 4 t0 [0, 2, 1, 0, 2, 0, 3, 1, 0, 4, 3, 4]
c1 3 c2 5 c3 4 c4 4 

c0 3 p0 1 t0 [1, 2, 0, 0, 2, 0, 3, 1, 0, 4, 3, 4]
c1 5 c2 5 c3 4 c4 4 

c0 4 p0 3 t0 [1, 2, 0, 0, 2, 1, 3, 3, 0, 4, 0, 4]
c1 4 c2 6 c3 6 c4 5 

c0 4 p0 1 t0 [0, 2, 1, 1, 2, 0, 3, 3, 0, 4, 0, 4]
c1 4 c2 5 c3 6 c4 5 

c0 4 p0 1 t0 [1, 2, 0, 0, 2, 1, 3, 3, 0, 4, 0, 4]
c1 4 c2 6 c3 6 c4 5 

c0 4 p0 1 t0 [0, 2, 1, 1, 2, 0, 3, 3, 0, 4, 0, 4]
c1 4 c2 5 c3 6 c4 5 

c0 4 p0 1 t0 [1, 2, 0, 0, 2, 1, 3, 3, 0, 4, 0, 4]
c1 4 c2 6 c3 6 c4 5 

c0 4 p0 1 t0 [0, 2, 1, 1, 2, 0, 3, 3, 0, 4, 0, 4]
c1 4 c2 5 c3 6 c4 5 

c0 4 p0 1 t0 [1, 2, 0, 0, 2, 1, 3, 3, 0, 4, 0, 4]
c1 4 c2 6 c3 6 c4 5 

c0 4 p0 1 t0 [0, 2, 1, 1, 2, 0, 3, 3, 0, 4, 0, 4]
c1 4 c2 5 c3 6 c4 5 

c0 4 p0 1 t0 [1, 2, 0, 0, 2, 1, 3, 3, 0, 4, 0, 4]
c1 4 c2 6 c3 6 c4 5 

c0 4 p0 1 t0 [0, 2, 1, 1, 2, 0, 3, 3, 0, 4, 0, 4]
c1 4 c2 5 c3 6 c4 5 

c0 4 p0 1 t0 [1, 2, 0, 0, 2, 1, 3, 3, 0, 4, 0, 4]
c1 4 c2 6 c3 6 c4 5 

c0 4 p0 1 t0 [0, 2, 1, 1, 2, 0, 3, 3, 0, 4, 0, 4]
c1 4 c2 5 c3 6 c4 5 

c0 4 p0 1 t0 [1, 2, 0, 0, 2, 1, 3, 3, 0, 4, 0, 4]
c1 4 c2 6 c3 6 c4 5 

c0 4 p0 1 t0 [0, 2, 1, 1, 2, 0, 3, 3, 0, 4, 0, 4]
c1 4 c2 5 c3 6 c4 5 

c0 4 p0 1 t0 [1, 2, 0, 0, 2, 1, 3, 3, 0, 4, 0, 4]
c1 4 c2 6 c3 6 c4 5 

c0 4 p0 1 t0 [0, 2, 1, 1, 2, 0, 3, 3, 0, 4, 0, 4]
c1 4 c2 5 c3 6 c4 5 

c0 4 p0 1 t0 [1, 2, 0, 0, 2, 1, 3, 3, 0, 4, 0, 4]
c1 4 c2 6 c3 6 c4 5 

c0 4 p0 1 t0 [0, 2, 1, 1, 2, 0, 3, 3, 0, 4, 0, 4]
c1 4 c2 5 c3 6 c4 5 

c0 4 p0 1 t0 [1, 2, 0, 0, 2, 1, 3, 3, 0, 4, 0, 4]
c1 4 c2 6 c3 6 c4 5 

c0 4 p0 1 t0 [0, 2, 1, 1, 2, 0, 3, 3, 0, 4, 0, 4]
c1 4 c2 5 c3 6 c4 5 

c0 4 p0 1 t0 [1, 2, 0, 0, 2, 1, 3, 3, 0, 4, 0, 4]

path 241311111111111111111111
