
checkio [[1, 4, 20], [3, 1, 5], [50, 2, 3], [5, 2, 7], [7, 5, 20], [4, 7, 50]]

adjacencies [(1, 4, 20), (5, 1, 3), (50, 2, 3), (2, 7, 5), (7, 5, 20), (4, 50, 7)]
subscripts (0, 1, 4, 3, 2, 5)
keeping (0, 2, 2, 3, 5, 3) [1, 2, 4, 5, 7, 50] [1, 2, 4, 5, 7, 50] 58 [(1, 4, 20), (5, 1, 3), (50, 2, 3), (2, 7, 5), (7, 5, 20), (4, 50, 7)]

adjacencies [(1, 4, 20), (3, 1, 5), (2, 3, 50), (5, 2, 7), (7, 5, 20), (4, 7, 50)]
subscripts (0, 1, 2, 3, 4, 5)
keeping (0, 5, 0, 5, 5, 0) [1, 2, 3, 4, 5, 7] [1, 2, 3, 4, 5, 7] 152 [(1, 4, 20), (3, 1, 5), (2, 3, 50), (5, 2, 7), (7, 5, 20), (4, 7, 50)]

adjacencies [(1, 4, 20), (3, 1, 5), (50, 3, 2), (5, 7, 2), (7, 5, 20), (4, 50, 7)]

adjacencies [(1, 4, 20), (3, 1, 5), (50, 3, 2), (7, 5, 2), (5, 7, 20), (4, 50, 7)]

adjacencies [(4, 20, 1), (3, 5, 1), (2, 3, 50), (5, 2, 7), (20, 7, 5), (7, 4, 50)]

adjacencies [(4, 20, 1), (5, 3, 1), (3, 50, 2), (7, 5, 2), (20, 7, 5), (50, 4, 7)]
subscripts (0, 5, 2, 1, 3, 4)
keeping (1, 4, 1, 4, 4, 2) [3, 4, 5, 7, 20, 50] [3, 4, 5, 7, 20, 50] 18 [(4, 20, 1), (5, 3, 1), (3, 50, 2), (7, 5, 2), (20, 7, 5), (50, 4, 7)]

adjacencies [(4, 20, 1), (5, 3, 1), (3, 2, 50), (2, 5, 7), (20, 7, 5), (7, 4, 50)]

adjacencies [(4, 20, 1), (5, 3, 1), (3, 2, 50), (2, 7, 5), (20, 5, 7), (7, 4, 50)]
subscripts (0, 5, 3, 2, 1, 4)
keeping (1, 4, 5, 3, 2, 5) [2, 3, 4, 5, 7, 20] [2, 3, 4, 5, 7, 20] 114 [(4, 20, 1), (5, 3, 1), (3, 2, 50), (2, 7, 5), (20, 5, 7), (7, 4, 50)]

adjacencies [(20, 1, 4), (1, 3, 5), (3, 50, 2), (7, 5, 2), (5, 20, 7), (50, 7, 4)]
subscripts (0, 4, 3, 5, 2, 1)
keeping (2, 0, 1, 4, 3, 4) [1, 3, 5, 7, 20, 50] [1, 3, 5, 7, 20, 50] 24 [(20, 1, 4), (1, 3, 5), (3, 50, 2), (7, 5, 2), (5, 20, 7), (50, 7, 4)]

adjacencies [(20, 1, 4), (1, 5, 3), (50, 2, 3), (2, 7, 5), (5, 20, 7), (7, 50, 4)]

adjacencies [(20, 1, 4), (1, 5, 3), (2, 50, 3), (7, 2, 5), (5, 20, 7), (50, 7, 4)]

adjacencies [(20, 1, 4), (1, 5, 3), (2, 50, 3), (5, 2, 7), (7, 20, 5), (50, 7, 4)]
subscripts (0, 4, 5, 2, 3, 1)
keeping (2, 3, 3, 5, 1, 4) [1, 2, 5, 7, 20, 50] [1, 2, 5, 7, 20, 50] 26 [(20, 1, 4), (1, 5, 3), (2, 50, 3), (5, 2, 7), (7, 20, 5), (50, 7, 4)]

adjacencies [(1, 20, 4), (5, 1, 3), (50, 2, 3), (2, 5, 7), (20, 7, 5), (7, 50, 4)]
subscripts (0, 1, 3, 2, 5, 4)
keeping (3, 2, 2, 0, 4, 1) [1, 2, 5, 7, 20, 50] [1, 2, 5, 7, 20, 50] 26 [(1, 20, 4), (5, 1, 3), (50, 2, 3), (2, 5, 7), (20, 7, 5), (7, 50, 4)]

adjacencies [(1, 20, 4), (5, 1, 3), (50, 2, 3), (2, 7, 5), (20, 5, 7), (7, 50, 4)]

adjacencies [(1, 20, 4), (5, 1, 3), (2, 50, 3), (7, 2, 5), (20, 5, 7), (50, 7, 4)]

adjacencies [(1, 20, 4), (3, 1, 5), (50, 3, 2), (5, 7, 2), (20, 5, 7), (7, 50, 4)]
subscripts (0, 1, 2, 5, 3, 4)
keeping (3, 5, 4, 1, 2, 1) [1, 3, 5, 7, 20, 50] [1, 3, 5, 7, 20, 50] 24 [(1, 20, 4), (3, 1, 5), (50, 3, 2), (5, 7, 2), (20, 5, 7), (7, 50, 4)]

adjacencies [(20, 4, 1), (3, 5, 1), (2, 3, 50), (7, 2, 5), (5, 20, 7), (4, 7, 50)]
subscripts (0, 4, 1, 2, 3, 5)
keeping (4, 1, 0, 2, 3, 0) [2, 3, 4, 5, 7, 20] [2, 3, 4, 5, 7, 20] 114 [(20, 4, 1), (3, 5, 1), (2, 3, 50), (7, 2, 5), (5, 20, 7), (4, 7, 50)]

adjacencies [(20, 4, 1), (3, 5, 1), (2, 3, 50), (5, 2, 7), (7, 20, 5), (4, 7, 50)]

adjacencies [(20, 4, 1), (3, 5, 1), (50, 3, 2), (5, 7, 2), (7, 20, 5), (4, 50, 7)]
subscripts (0, 4, 3, 1, 2, 5)
keeping (4, 1, 4, 1, 1, 3) [3, 4, 5, 7, 20, 50] [3, 4, 5, 7, 20, 50] 18 [(20, 4, 1), (3, 5, 1), (50, 3, 2), (5, 7, 2), (7, 20, 5), (4, 50, 7)]

adjacencies [(20, 4, 1), (5, 3, 1), (3, 2, 50), (2, 5, 7), (7, 20, 5), (4, 7, 50)]

adjacencies [(4, 1, 20), (1, 3, 5), (3, 50, 2), (5, 7, 2), (7, 5, 20), (50, 4, 7)]

adjacencies [(4, 1, 20), (1, 3, 5), (3, 50, 2), (7, 5, 2), (5, 7, 20), (50, 4, 7)]

adjacencies [(4, 1, 20), (1, 3, 5), (3, 2, 50), (2, 5, 7), (5, 7, 20), (7, 4, 50)]
subscripts (0, 5, 4, 3, 2, 1)
keeping (5, 0, 5, 0, 0, 5) [1, 2, 3, 4, 5, 7] [1, 2, 3, 4, 5, 7] 152 [(4, 1, 20), (1, 3, 5), (3, 2, 50), (2, 5, 7), (5, 7, 20), (7, 4, 50)]

adjacencies [(4, 1, 20), (1, 5, 3), (2, 50, 3), (7, 2, 5), (5, 7, 20), (50, 4, 7)]
subscripts (0, 5, 2, 3, 4, 1)
keeping (5, 3, 3, 2, 0, 2) [1, 2, 4, 5, 7, 50] [1, 2, 4, 5, 7, 50] 58 [(4, 1, 20), (1, 5, 3), (2, 50, 3), (7, 2, 5), (5, 7, 20), (50, 4, 7)]
max_score 152

checkio [[1, 10, 2], [2, 20, 3], [3, 30, 4], [4, 40, 5], [5, 50, 6], [6, 60, 1]]

adjacencies [(1, 2, 10), (2, 3, 20), (3, 4, 30), (4, 5, 40), (5, 6, 50), (6, 1, 60)]
subscripts (0, 5, 4, 3, 2, 1)
keeping (0, 0, 0, 0, 0, 5) [1, 2, 3, 4, 5, 6] [1, 2, 3, 4, 5, 6] 210 [(1, 2, 10), (2, 3, 20), (3, 4, 30), (4, 5, 40), (5, 6, 50), (6, 1, 60)]

adjacencies [(2, 1, 10), (3, 2, 20), (4, 3, 30), (5, 4, 40), (6, 5, 50), (1, 6, 60)]
subscripts (0, 1, 2, 3, 4, 5)
keeping (5, 5, 5, 5, 5, 0) [1, 2, 3, 4, 5, 6] [1, 2, 3, 4, 5, 6] 210 [(2, 1, 10), (3, 2, 20), (4, 3, 30), (5, 4, 40), (6, 5, 50), (1, 6, 60)]
max_score 210

checkio [[1, 2, 3], [2, 1, 3], [4, 5, 6], [6, 5, 4], [5, 1, 2], [6, 4, 3]]

adjacencies [(1, 2, 3), (2, 3, 1), (4, 5, 6), (6, 4, 5), (5, 1, 2), (3, 6, 4)]
subscripts (0, 4, 2, 3, 5, 1)
keeping (0, 1, 0, 2, 2, 3) [1, 2, 3, 4, 5, 6] [1, 2, 3, 4, 5, 6] 21 [(1, 2, 3), (2, 3, 1), (4, 5, 6), (6, 4, 5), (5, 1, 2), (3, 6, 4)]

adjacencies [(1, 2, 3), (2, 3, 1), (6, 4, 5), (4, 5, 6), (5, 1, 2), (3, 6, 4)]
subscripts (0, 4, 3, 2, 5, 1)
keeping (0, 1, 2, 0, 2, 3) [1, 2, 3, 4, 5, 6] [1, 2, 3, 4, 5, 6] 21 [(1, 2, 3), (2, 3, 1), (6, 4, 5), (4, 5, 6), (5, 1, 2), (3, 6, 4)]

adjacencies [(1, 2, 3), (2, 3, 1), (4, 6, 5), (6, 5, 4), (5, 1, 2), (3, 4, 6)]
subscripts (0, 4, 3, 2, 5, 1)
keeping (0, 1, 3, 4, 2, 0) [1, 2, 3, 4, 5, 6] [1, 2, 3, 4, 5, 6] 21 [(1, 2, 3), (2, 3, 1), (4, 6, 5), (6, 5, 4), (5, 1, 2), (3, 4, 6)]

adjacencies [(1, 2, 3), (2, 3, 1), (6, 5, 4), (4, 6, 5), (5, 1, 2), (3, 4, 6)]
subscripts (0, 4, 2, 3, 5, 1)
keeping (0, 1, 4, 3, 2, 0) [1, 2, 3, 4, 5, 6] [1, 2, 3, 4, 5, 6] 21 [(1, 2, 3), (2, 3, 1), (6, 5, 4), (4, 6, 5), (5, 1, 2), (3, 4, 6)]

adjacencies [(1, 2, 3), (3, 1, 2), (5, 6, 4), (6, 4, 5), (2, 5, 1), (4, 3, 6)]
subscripts (0, 1, 5, 3, 2, 4)
keeping (0, 2, 1, 2, 1, 5) [1, 2, 3, 4, 5, 6] [1, 2, 3, 4, 5, 6] 21 [(1, 2, 3), (3, 1, 2), (5, 6, 4), (6, 4, 5), (2, 5, 1), (4, 3, 6)]

adjacencies [(1, 2, 3), (3, 1, 2), (6, 4, 5), (5, 6, 4), (2, 5, 1), (4, 3, 6)]
subscripts (0, 1, 5, 2, 3, 4)
keeping (0, 2, 2, 1, 1, 5) [1, 2, 3, 4, 5, 6] [1, 2, 3, 4, 5, 6] 21 [(1, 2, 3), (3, 1, 2), (6, 4, 5), (5, 6, 4), (2, 5, 1), (4, 3, 6)]

adjacencies [(1, 2, 3), (3, 1, 2), (4, 6, 5), (5, 4, 6), (2, 5, 1), (6, 3, 4)]
subscripts (0, 1, 5, 2, 3, 4)
keeping (0, 2, 3, 5, 1, 2) [1, 2, 3, 4, 5, 6] [1, 2, 3, 4, 5, 6] 21 [(1, 2, 3), (3, 1, 2), (4, 6, 5), (5, 4, 6), (2, 5, 1), (6, 3, 4)]

adjacencies [(1, 2, 3), (3, 1, 2), (5, 4, 6), (4, 6, 5), (2, 5, 1), (6, 3, 4)]
subscripts (0, 1, 5, 3, 2, 4)
keeping (0, 2, 5, 3, 1, 2) [1, 2, 3, 4, 5, 6] [1, 2, 3, 4, 5, 6] 21 [(1, 2, 3), (3, 1, 2), (5, 4, 6), (4, 6, 5), (2, 5, 1), (6, 3, 4)]

adjacencies [(2, 3, 1), (1, 2, 3), (4, 5, 6), (6, 4, 5), (5, 1, 2), (3, 6, 4)]
subscripts (0, 1, 4, 2, 3, 5)
keeping (1, 0, 0, 2, 2, 3) [1, 2, 3, 4, 5, 6] [1, 2, 3, 4, 5, 6] 21 [(2, 3, 1), (1, 2, 3), (4, 5, 6), (6, 4, 5), (5, 1, 2), (3, 6, 4)]

adjacencies [(2, 3, 1), (1, 2, 3), (6, 4, 5), (4, 5, 6), (5, 1, 2), (3, 6, 4)]
subscripts (0, 1, 4, 3, 2, 5)
keeping (1, 0, 2, 0, 2, 3) [1, 2, 3, 4, 5, 6] [1, 2, 3, 4, 5, 6] 21 [(2, 3, 1), (1, 2, 3), (6, 4, 5), (4, 5, 6), (5, 1, 2), (3, 6, 4)]

adjacencies [(2, 3, 1), (1, 2, 3), (4, 6, 5), (6, 5, 4), (5, 1, 2), (3, 4, 6)]
subscripts (0, 1, 4, 3, 2, 5)
keeping (1, 0, 3, 4, 2, 0) [1, 2, 3, 4, 5, 6] [1, 2, 3, 4, 5, 6] 21 [(2, 3, 1), (1, 2, 3), (4, 6, 5), (6, 5, 4), (5, 1, 2), (3, 4, 6)]

adjacencies [(2, 3, 1), (1, 2, 3), (6, 5, 4), (4, 6, 5), (5, 1, 2), (3, 4, 6)]
subscripts (0, 1, 4, 2, 3, 5)
keeping (1, 0, 4, 3, 2, 0) [1, 2, 3, 4, 5, 6] [1, 2, 3, 4, 5, 6] 21 [(2, 3, 1), (1, 2, 3), (6, 5, 4), (4, 6, 5), (5, 1, 2), (3, 4, 6)]

adjacencies [(2, 3, 1), (3, 1, 2), (4, 5, 6), (5, 6, 4), (1, 2, 5), (6, 4, 3)]

adjacencies [(2, 3, 1), (3, 1, 2), (5, 6, 4), (4, 5, 6), (1, 2, 5), (6, 4, 3)]

adjacencies [(2, 3, 1), (3, 1, 2), (6, 5, 4), (5, 4, 6), (1, 2, 5), (4, 6, 3)]

adjacencies [(2, 3, 1), (3, 1, 2), (5, 4, 6), (6, 5, 4), (1, 2, 5), (4, 6, 3)]

adjacencies [(3, 1, 2), (1, 2, 3), (5, 6, 4), (6, 4, 5), (2, 5, 1), (4, 3, 6)]
subscripts (0, 5, 3, 2, 4, 1)
keeping (2, 0, 1, 2, 1, 5) [1, 2, 3, 4, 5, 6] [1, 2, 3, 4, 5, 6] 21 [(3, 1, 2), (1, 2, 3), (5, 6, 4), (6, 4, 5), (2, 5, 1), (4, 3, 6)]

adjacencies [(3, 1, 2), (1, 2, 3), (6, 4, 5), (5, 6, 4), (2, 5, 1), (4, 3, 6)]
subscripts (0, 5, 2, 3, 4, 1)
keeping (2, 0, 2, 1, 1, 5) [1, 2, 3, 4, 5, 6] [1, 2, 3, 4, 5, 6] 21 [(3, 1, 2), (1, 2, 3), (6, 4, 5), (5, 6, 4), (2, 5, 1), (4, 3, 6)]

adjacencies [(3, 1, 2), (1, 2, 3), (4, 6, 5), (5, 4, 6), (2, 5, 1), (6, 3, 4)]
subscripts (0, 5, 2, 3, 4, 1)
keeping (2, 0, 3, 5, 1, 2) [1, 2, 3, 4, 5, 6] [1, 2, 3, 4, 5, 6] 21 [(3, 1, 2), (1, 2, 3), (4, 6, 5), (5, 4, 6), (2, 5, 1), (6, 3, 4)]

adjacencies [(3, 1, 2), (1, 2, 3), (5, 4, 6), (4, 6, 5), (2, 5, 1), (6, 3, 4)]
subscripts (0, 5, 3, 2, 4, 1)
keeping (2, 0, 5, 3, 1, 2) [1, 2, 3, 4, 5, 6] [1, 2, 3, 4, 5, 6] 21 [(3, 1, 2), (1, 2, 3), (5, 4, 6), (4, 6, 5), (2, 5, 1), (6, 3, 4)]

adjacencies [(3, 1, 2), (2, 3, 1), (4, 5, 6), (5, 6, 4), (1, 2, 5), (6, 4, 3)]

adjacencies [(3, 1, 2), (2, 3, 1), (5, 6, 4), (4, 5, 6), (1, 2, 5), (6, 4, 3)]

adjacencies [(3, 1, 2), (2, 3, 1), (6, 5, 4), (5, 4, 6), (1, 2, 5), (4, 6, 3)]

adjacencies [(3, 1, 2), (2, 3, 1), (5, 4, 6), (6, 5, 4), (1, 2, 5), (4, 6, 3)]

adjacencies [(1, 3, 2), (3, 2, 1), (4, 5, 6), (5, 6, 4), (2, 1, 5), (6, 4, 3)]

adjacencies [(1, 3, 2), (3, 2, 1), (5, 6, 4), (4, 5, 6), (2, 1, 5), (6, 4, 3)]

adjacencies [(1, 3, 2), (3, 2, 1), (6, 5, 4), (5, 4, 6), (2, 1, 5), (4, 6, 3)]

adjacencies [(1, 3, 2), (3, 2, 1), (5, 4, 6), (6, 5, 4), (2, 1, 5), (4, 6, 3)]

adjacencies [(1, 3, 2), (2, 1, 3), (4, 5, 6), (6, 4, 5), (5, 2, 1), (3, 6, 4)]
subscripts (0, 1, 4, 2, 3, 5)
keeping (3, 5, 0, 2, 4, 3) [1, 2, 3, 4, 5, 6] [1, 2, 3, 4, 5, 6] 21 [(1, 3, 2), (2, 1, 3), (4, 5, 6), (6, 4, 5), (5, 2, 1), (3, 6, 4)]

adjacencies [(1, 3, 2), (2, 1, 3), (6, 4, 5), (4, 5, 6), (5, 2, 1), (3, 6, 4)]
subscripts (0, 1, 4, 3, 2, 5)
keeping (3, 5, 2, 0, 4, 3) [1, 2, 3, 4, 5, 6] [1, 2, 3, 4, 5, 6] 21 [(1, 3, 2), (2, 1, 3), (6, 4, 5), (4, 5, 6), (5, 2, 1), (3, 6, 4)]

adjacencies [(1, 3, 2), (2, 1, 3), (4, 6, 5), (6, 5, 4), (5, 2, 1), (3, 4, 6)]
subscripts (0, 1, 4, 3, 2, 5)
keeping (3, 5, 3, 4, 4, 0) [1, 2, 3, 4, 5, 6] [1, 2, 3, 4, 5, 6] 21 [(1, 3, 2), (2, 1, 3), (4, 6, 5), (6, 5, 4), (5, 2, 1), (3, 4, 6)]

adjacencies [(1, 3, 2), (2, 1, 3), (6, 5, 4), (4, 6, 5), (5, 2, 1), (3, 4, 6)]
subscripts (0, 1, 4, 2, 3, 5)
keeping (3, 5, 4, 3, 4, 0) [1, 2, 3, 4, 5, 6] [1, 2, 3, 4, 5, 6] 21 [(1, 3, 2), (2, 1, 3), (6, 5, 4), (4, 6, 5), (5, 2, 1), (3, 4, 6)]

adjacencies [(3, 2, 1), (1, 3, 2), (4, 5, 6), (5, 6, 4), (2, 1, 5), (6, 4, 3)]

adjacencies [(3, 2, 1), (1, 3, 2), (5, 6, 4), (4, 5, 6), (2, 1, 5), (6, 4, 3)]

adjacencies [(3, 2, 1), (1, 3, 2), (6, 5, 4), (5, 4, 6), (2, 1, 5), (4, 6, 3)]

adjacencies [(3, 2, 1), (1, 3, 2), (5, 4, 6), (6, 5, 4), (2, 1, 5), (4, 6, 3)]

adjacencies [(3, 2, 1), (2, 1, 3), (5, 6, 4), (6, 4, 5), (1, 5, 2), (4, 3, 6)]
subscripts (0, 5, 3, 2, 4, 1)
keeping (4, 5, 1, 2, 3, 5) [1, 2, 3, 4, 5, 6] [1, 2, 3, 4, 5, 6] 21 [(3, 2, 1), (2, 1, 3), (5, 6, 4), (6, 4, 5), (1, 5, 2), (4, 3, 6)]

adjacencies [(3, 2, 1), (2, 1, 3), (6, 4, 5), (5, 6, 4), (1, 5, 2), (4, 3, 6)]
subscripts (0, 5, 2, 3, 4, 1)
keeping (4, 5, 2, 1, 3, 5) [1, 2, 3, 4, 5, 6] [1, 2, 3, 4, 5, 6] 21 [(3, 2, 1), (2, 1, 3), (6, 4, 5), (5, 6, 4), (1, 5, 2), (4, 3, 6)]

adjacencies [(3, 2, 1), (2, 1, 3), (4, 6, 5), (5, 4, 6), (1, 5, 2), (6, 3, 4)]
subscripts (0, 5, 2, 3, 4, 1)
keeping (4, 5, 3, 5, 3, 2) [1, 2, 3, 4, 5, 6] [1, 2, 3, 4, 5, 6] 21 [(3, 2, 1), (2, 1, 3), (4, 6, 5), (5, 4, 6), (1, 5, 2), (6, 3, 4)]

adjacencies [(3, 2, 1), (2, 1, 3), (5, 4, 6), (4, 6, 5), (1, 5, 2), (6, 3, 4)]
subscripts (0, 5, 3, 2, 4, 1)
keeping (4, 5, 5, 3, 3, 2) [1, 2, 3, 4, 5, 6] [1, 2, 3, 4, 5, 6] 21 [(3, 2, 1), (2, 1, 3), (5, 4, 6), (4, 6, 5), (1, 5, 2), (6, 3, 4)]

adjacencies [(2, 1, 3), (1, 3, 2), (4, 5, 6), (6, 4, 5), (5, 2, 1), (3, 6, 4)]
subscripts (0, 4, 2, 3, 5, 1)
keeping (5, 3, 0, 2, 4, 3) [1, 2, 3, 4, 5, 6] [1, 2, 3, 4, 5, 6] 21 [(2, 1, 3), (1, 3, 2), (4, 5, 6), (6, 4, 5), (5, 2, 1), (3, 6, 4)]

adjacencies [(2, 1, 3), (1, 3, 2), (6, 4, 5), (4, 5, 6), (5, 2, 1), (3, 6, 4)]
subscripts (0, 4, 3, 2, 5, 1)
keeping (5, 3, 2, 0, 4, 3) [1, 2, 3, 4, 5, 6] [1, 2, 3, 4, 5, 6] 21 [(2, 1, 3), (1, 3, 2), (6, 4, 5), (4, 5, 6), (5, 2, 1), (3, 6, 4)]

adjacencies [(2, 1, 3), (1, 3, 2), (4, 6, 5), (6, 5, 4), (5, 2, 1), (3, 4, 6)]
subscripts (0, 4, 3, 2, 5, 1)
keeping (5, 3, 3, 4, 4, 0) [1, 2, 3, 4, 5, 6] [1, 2, 3, 4, 5, 6] 21 [(2, 1, 3), (1, 3, 2), (4, 6, 5), (6, 5, 4), (5, 2, 1), (3, 4, 6)]

adjacencies [(2, 1, 3), (1, 3, 2), (6, 5, 4), (4, 6, 5), (5, 2, 1), (3, 4, 6)]
subscripts (0, 4, 2, 3, 5, 1)
keeping (5, 3, 4, 3, 4, 0) [1, 2, 3, 4, 5, 6] [1, 2, 3, 4, 5, 6] 21 [(2, 1, 3), (1, 3, 2), (6, 5, 4), (4, 6, 5), (5, 2, 1), (3, 4, 6)]

adjacencies [(2, 1, 3), (3, 2, 1), (5, 6, 4), (6, 4, 5), (1, 5, 2), (4, 3, 6)]
subscripts (0, 1, 5, 3, 2, 4)
keeping (5, 4, 1, 2, 3, 5) [1, 2, 3, 4, 5, 6] [1, 2, 3, 4, 5, 6] 21 [(2, 1, 3), (3, 2, 1), (5, 6, 4), (6, 4, 5), (1, 5, 2), (4, 3, 6)]

adjacencies [(2, 1, 3), (3, 2, 1), (6, 4, 5), (5, 6, 4), (1, 5, 2), (4, 3, 6)]
subscripts (0, 1, 5, 2, 3, 4)
keeping (5, 4, 2, 1, 3, 5) [1, 2, 3, 4, 5, 6] [1, 2, 3, 4, 5, 6] 21 [(2, 1, 3), (3, 2, 1), (6, 4, 5), (5, 6, 4), (1, 5, 2), (4, 3, 6)]

adjacencies [(2, 1, 3), (3, 2, 1), (4, 6, 5), (5, 4, 6), (1, 5, 2), (6, 3, 4)]
subscripts (0, 1, 5, 2, 3, 4)
keeping (5, 4, 3, 5, 3, 2) [1, 2, 3, 4, 5, 6] [1, 2, 3, 4, 5, 6] 21 [(2, 1, 3), (3, 2, 1), (4, 6, 5), (5, 4, 6), (1, 5, 2), (6, 3, 4)]

adjacencies [(2, 1, 3), (3, 2, 1), (5, 4, 6), (4, 6, 5), (1, 5, 2), (6, 3, 4)]
subscripts (0, 1, 5, 3, 2, 4)
keeping (5, 4, 5, 3, 3, 2) [1, 2, 3, 4, 5, 6] [1, 2, 3, 4, 5, 6] 21 [(2, 1, 3), (3, 2, 1), (5, 4, 6), (4, 6, 5), (1, 5, 2), (6, 3, 4)]
max_score 21

checkio [[5, 9, 5], [9, 6, 9], [6, 7, 6], [7, 8, 7], [8, 1, 8], [1, 2, 1]]

adjacencies [(5, 5, 9), (9, 9, 6), (6, 6, 7), (7, 7, 8), (8, 8, 1), (1, 1, 2)]

adjacencies [(5, 5, 9), (9, 9, 6), (6, 6, 7), (7, 7, 8), (8, 8, 1), (1, 1, 2)]

adjacencies [(5, 5, 9), (9, 9, 6), (6, 6, 7), (7, 7, 8), (8, 8, 1), (1, 1, 2)]

adjacencies [(5, 5, 9), (9, 9, 6), (6, 6, 7), (7, 7, 8), (8, 8, 1), (1, 1, 2)]

adjacencies [(5, 5, 9), (9, 9, 6), (6, 6, 7), (7, 7, 8), (8, 8, 1), (1, 1, 2)]

adjacencies [(5, 5, 9), (9, 9, 6), (6, 6, 7), (7, 7, 8), (8, 8, 1), (1, 1, 2)]

adjacencies [(5, 5, 9), (9, 9, 6), (6, 6, 7), (7, 7, 8), (8, 8, 1), (1, 1, 2)]

adjacencies [(5, 5, 9), (9, 9, 6), (6, 6, 7), (7, 7, 8), (8, 8, 1), (1, 1, 2)]

adjacencies [(5, 5, 9), (9, 9, 6), (6, 6, 7), (7, 7, 8), (8, 8, 1), (1, 1, 2)]

adjacencies [(5, 5, 9), (9, 9, 6), (6, 6, 7), (7, 7, 8), (8, 8, 1), (1, 1, 2)]

adjacencies [(5, 5, 9), (9, 9, 6), (6, 6, 7), (7, 7, 8), (8, 8, 1), (1, 1, 2)]

adjacencies [(5, 5, 9), (9, 9, 6), (6, 6, 7), (7, 7, 8), (8, 8, 1), (1, 1, 2)]

adjacencies [(5, 5, 9), (9, 9, 6), (6, 6, 7), (7, 7, 8), (8, 8, 1), (1, 1, 2)]

adjacencies [(5, 5, 9), (9, 9, 6), (6, 6, 7), (7, 7, 8), (8, 8, 1), (1, 1, 2)]

adjacencies [(5, 5, 9), (9, 9, 6), (6, 6, 7), (7, 7, 8), (8, 8, 1), (1, 1, 2)]

adjacencies [(5, 5, 9), (9, 9, 6), (6, 6, 7), (7, 7, 8), (8, 8, 1), (1, 1, 2)]

adjacencies [(5, 5, 9), (9, 9, 6), (6, 6, 7), (7, 7, 8), (8, 8, 1), (1, 1, 2)]

adjacencies [(5, 5, 9), (9, 9, 6), (6, 6, 7), (7, 7, 8), (8, 8, 1), (1, 1, 2)]

adjacencies [(5, 5, 9), (9, 9, 6), (6, 6, 7), (7, 7, 8), (8, 8, 1), (1, 1, 2)]

adjacencies [(5, 5, 9), (9, 9, 6), (6, 6, 7), (7, 7, 8), (8, 8, 1), (1, 1, 2)]

adjacencies [(5, 5, 9), (9, 9, 6), (6, 6, 7), (7, 7, 8), (8, 8, 1), (1, 1, 2)]

adjacencies [(5, 5, 9), (9, 9, 6), (6, 6, 7), (7, 7, 8), (8, 8, 1), (1, 1, 2)]

adjacencies [(5, 5, 9), (9, 9, 6), (6, 6, 7), (7, 7, 8), (8, 8, 1), (1, 1, 2)]

adjacencies [(5, 5, 9), (9, 9, 6), (6, 6, 7), (7, 7, 8), (8, 8, 1), (1, 1, 2)]

adjacencies [(5, 5, 9), (9, 9, 6), (6, 6, 7), (7, 7, 8), (8, 8, 1), (1, 1, 2)]

adjacencies [(5, 5, 9), (9, 9, 6), (6, 6, 7), (7, 7, 8), (8, 8, 1), (1, 1, 2)]

adjacencies [(5, 5, 9), (9, 9, 6), (6, 6, 7), (7, 7, 8), (8, 8, 1), (1, 1, 2)]

adjacencies [(5, 5, 9), (9, 9, 6), (6, 6, 7), (7, 7, 8), (8, 8, 1), (1, 1, 2)]

adjacencies [(5, 5, 9), (9, 9, 6), (6, 6, 7), (7, 7, 8), (8, 8, 1), (1, 1, 2)]

adjacencies [(5, 5, 9), (9, 9, 6), (6, 6, 7), (7, 7, 8), (8, 8, 1), (1, 1, 2)]

adjacencies [(5, 5, 9), (9, 9, 6), (6, 6, 7), (7, 7, 8), (8, 8, 1), (1, 1, 2)]

adjacencies [(5, 5, 9), (9, 9, 6), (6, 6, 7), (7, 7, 8), (8, 8, 1), (1, 1, 2)]

adjacencies [(5, 5, 9), (9, 9, 6), (6, 6, 7), (7, 7, 8), (8, 8, 1), (1, 1, 2)]

adjacencies [(5, 5, 9), (9, 9, 6), (6, 6, 7), (7, 7, 8), (8, 8, 1), (1, 1, 2)]

adjacencies [(5, 5, 9), (9, 9, 6), (6, 6, 7), (7, 7, 8), (8, 8, 1), (1, 1, 2)]

adjacencies [(5, 5, 9), (9, 9, 6), (6, 6, 7), (7, 7, 8), (8, 8, 1), (1, 1, 2)]

adjacencies [(5, 5, 9), (9, 9, 6), (6, 6, 7), (7, 7, 8), (8, 8, 1), (1, 1, 2)]

adjacencies [(5, 5, 9), (9, 9, 6), (6, 6, 7), (7, 7, 8), (8, 8, 1), (1, 1, 2)]

adjacencies [(5, 5, 9), (9, 9, 6), (6, 6, 7), (7, 7, 8), (8, 8, 1), (1, 1, 2)]

adjacencies [(5, 5, 9), (9, 9, 6), (6, 6, 7), (7, 7, 8), (8, 8, 1), (1, 1, 2)]

adjacencies [(5, 5, 9), (9, 9, 6), (6, 6, 7), (7, 7, 8), (8, 8, 1), (1, 1, 2)]

adjacencies [(5, 5, 9), (9, 9, 6), (6, 6, 7), (7, 7, 8), (8, 8, 1), (1, 1, 2)]

adjacencies [(5, 5, 9), (9, 9, 6), (6, 6, 7), (7, 7, 8), (8, 8, 1), (1, 1, 2)]

adjacencies [(5, 5, 9), (9, 9, 6), (6, 6, 7), (7, 7, 8), (8, 8, 1), (1, 1, 2)]

adjacencies [(5, 5, 9), (9, 9, 6), (6, 6, 7), (7, 7, 8), (8, 8, 1), (1, 1, 2)]

adjacencies [(5, 5, 9), (9, 9, 6), (6, 6, 7), (7, 7, 8), (8, 8, 1), (1, 1, 2)]

adjacencies [(5, 5, 9), (9, 9, 6), (6, 6, 7), (7, 7, 8), (8, 8, 1), (1, 1, 2)]

adjacencies [(5, 5, 9), (9, 9, 6), (6, 6, 7), (7, 7, 8), (8, 8, 1), (1, 1, 2)]

adjacencies [(5, 5, 9), (9, 9, 6), (6, 6, 7), (7, 7, 8), (8, 8, 1), (1, 1, 2)]

adjacencies [(5, 5, 9), (9, 9, 6), (6, 6, 7), (7, 7, 8), (8, 8, 1), (1, 1, 2)]

adjacencies [(5, 5, 9), (9, 9, 6), (6, 6, 7), (7, 7, 8), (8, 8, 1), (1, 1, 2)]

adjacencies [(5, 5, 9), (9, 9, 6), (6, 6, 7), (7, 7, 8), (8, 8, 1), (1, 1, 2)]

adjacencies [(5, 5, 9), (9, 9, 6), (6, 6, 7), (7, 7, 8), (8, 8, 1), (1, 1, 2)]

adjacencies [(5, 5, 9), (9, 9, 6), (6, 6, 7), (7, 7, 8), (8, 8, 1), (1, 1, 2)]

adjacencies [(5, 5, 9), (9, 9, 6), (6, 6, 7), (7, 7, 8), (8, 8, 1), (1, 1, 2)]

adjacencies [(5, 5, 9), (9, 9, 6), (6, 6, 7), (7, 7, 8), (8, 8, 1), (1, 1, 2)]

adjacencies [(5, 5, 9), (9, 9, 6), (6, 6, 7), (7, 7, 8), (8, 8, 1), (1, 1, 2)]

adjacencies [(5, 5, 9), (9, 9, 6), (6, 6, 7), (7, 7, 8), (8, 8, 1), (1, 1, 2)]

adjacencies [(5, 5, 9), (9, 9, 6), (6, 6, 7), (7, 7, 8), (8, 8, 1), (1, 1, 2)]

adjacencies [(5, 5, 9), (9, 9, 6), (6, 6, 7), (7, 7, 8), (8, 8, 1), (1, 1, 2)]

adjacencies [(5, 5, 9), (9, 9, 6), (6, 6, 7), (7, 7, 8), (8, 8, 1), (1, 1, 2)]

adjacencies [(5, 5, 9), (9, 9, 6), (6, 6, 7), (7, 7, 8), (8, 8, 1), (1, 1, 2)]

adjacencies [(5, 5, 9), (9, 9, 6), (6, 6, 7), (7, 7, 8), (8, 8, 1), (1, 1, 2)]

adjacencies [(5, 5, 9), (9, 9, 6), (6, 6, 7), (7, 7, 8), (8, 8, 1), (1, 1, 2)]
max_score 0
Done!
